rcut_hard central_weights atom_sigma_r atom_sigma_t atom_sigma_r_scaling atom_sigma_t_scaling amplitude_scaling zeta sigma RMSE
X1 X2 X3 X4 X5 X6 X7 X8 X9 RMSE
3.00000 0.00000 0.10000 0.10000 0.00000 0.00000 0.00000 1.00000 0.01000 0.10670
3.00000 0.00000 0.10000 0.10000 0.08000 0.08000 1.00000 5.50000 0.06000 0.19366
3.00000 0.00000 0.10000 0.10000 0.16000 0.16000 2.00000 10.00000 0.10000 0.22750
3.00000 0.50000 0.40000 0.40000 0.00000 0.00000 0.00000 5.50000 0.06000 0.14260
3.00000 0.50000 0.40000 0.40000 0.08000 0.08000 1.00000 10.00000 0.10000 0.11054
3.00000 0.50000 0.40000 0.40000 0.16000 0.16000 2.00000 1.00000 0.01000 0.32436
3.00000 1.00000 0.70000 0.70000 0.00000 0.00000 0.00000 10.00000 0.10000 0.11696
3.00000 1.00000 0.70000 0.70000 0.08000 0.08000 1.00000 1.00000 0.01000 0.16743
3.00000 1.00000 0.70000 0.70000 0.16000 0.16000 2.00000 5.50000 0.06000 0.30893
4.50000 0.00000 0.40000 0.70000 0.00000 0.08000 2.00000 1.00000 0.06000 0.14768
4.50000 0.00000 0.40000 0.70000 0.08000 0.16000 0.00000 5.50000 0.10000 0.20915
4.50000 0.00000 0.40000 0.70000 0.16000 0.00000 1.00000 10.00000 0.01000 0.09042
4.50000 0.50000 0.70000 0.10000 0.00000 0.08000 2.00000 5.50000 0.10000 0.89783
4.50000 0.50000 0.70000 0.10000 0.08000 0.16000 0.00000 10.00000 0.01000 0.30290
4.50000 0.50000 0.70000 0.10000 0.16000 0.00000 1.00000 1.00000 0.06000 1.05307
4.50000 1.00000 0.10000 0.40000 0.00000 0.08000 2.00000 10.00000 0.01000 0.13893
4.50000 1.00000 0.10000 0.40000 0.08000 0.16000 0.00000 1.00000 0.06000 0.15397
4.50000 1.00000 0.10000 0.40000 0.16000 0.00000 1.00000 5.50000 0.10000 0.13190
6.00000 0.00000 0.70000 0.40000 0.00000 0.16000 1.00000 1.00000 0.10000 0.43975
6.00000 0.00000 0.70000 0.40000 0.08000 0.00000 2.00000 5.50000 0.01000 0.07171
6.00000 0.00000 0.70000 0.40000 0.16000 0.08000 0.00000 10.00000 0.06000 0.14164
6.00000 0.50000 0.10000 0.70000 0.00000 0.16000 1.00000 5.50000 0.01000 0.07228
6.00000 0.50000 0.10000 0.70000 0.08000 0.00000 2.00000 10.00000 0.06000 0.12375
6.00000 0.50000 0.10000 0.70000 0.16000 0.08000 0.00000 1.00000 0.10000 0.25307
6.00000 1.00000 0.40000 0.10000 0.00000 0.16000 1.00000 10.00000 0.06000 0.63262
6.00000 1.00000 0.40000 0.10000 0.08000 0.00000 2.00000 1.00000 0.10000 1.28485
6.00000 1.00000 0.40000 0.10000 0.16000 0.08000 0.00000 5.50000 0.01000 0.56944
